210964,0,256,22095,0,13,13,1,255,255,1,0.01
89621,0,45,132,0,121,201,1,255,254,1,0
155900,0,221,4675,0,1,29,1,23,255,1,0.04
282616,0,310,460,0,16,29,1,76,255,1,0.01
309666,0,105,147,0,2,2,1,255,254,1,0.01
148365,0,243,1083,0,4,19,1,24,255,1,0.04
95339,0,165,429,0,1,1,1,24,24,1,0.04
92817,0,252,1587,0,2,2,1,255,255,1,0
285936,0,1907,401,0,1,1,1,255,11,0.04,0
80864,0,252,273525,0,1,1,1,255,222,0.87,0
211420,0,328,1197,0,2,10,1,255,255,1,0
153398,0,327,3200,0,11,12,1,181,255,1,0.01
146732,0,204,790,0,16,16,1,255,255,1,0
214150,0,105,0,0,1,1,1,255,253,0.99,0
94267,0,335,585,0,25,25,1,255,255,1,0
93144,0,257,1656,0,4,4,1,60,255,1,0.02
290017,0,105,147,0,2,2,1,255,254,1,0
287651,0,315,1085,0,6,6,1,156,255,1,0.01
230118,0,52,54,0,508,508,1,255,255,1,0.8
97632,0,46,151,0,75,155,1,255,255,1,0
233008,0,42,42,0,6,8,1,255,255,1,0.02
39167,0,42,42,0,8,13,1,255,248,0.97,0.01
75239,0,105,146,0,2,2,1,255,252,0.99,0
212878,0,245,1255,0,11,11,1,255,255,1,0
77738,0,288,5467,0,19,21,1,21,255,1,0.05
174757,0,202,429,0,23,23,1,187,255,1,0.01
140783,0,210,545,0,10,10,1,21,250,1,0.05
142573,0,105,146,0,2,2,1,255,254,1,0
100499,0,46,117,0,1,2,1,255,251,0.98,0
101556,0,206,564,0,14,14,1,99,160,1,0.01
89607,0,44,132,0,146,226,0.99,255,254,1,0
80573,0,1,0,0,142,7,0.05,255,7,0.03,1
36369,0,205,6924,0,19,38,1,255,255,1,0
98089,0,105,147,0,2,2,1,255,254,1,0.01
212940,0,223,4416,0,12,12,1,93,255,1,0.01
214851,0,216,2702,0,1,13,1,30,255,1,0.03
132672,0,105,146,0,2,2,1,255,254,1,0.01
212506,0,307,290,0,10,10,1,79,255,1,0.01
226793,0,209,61575,0,16,16,1,50,255,1,0.02
228089,0,1305,329,0,1,3,1,242,149,0.62,0
229249,0,105,0,0,4,4,1,255,255,1,0.01
148403,0,105,0,0,1,1,1,255,253,0.99,0
35800,0,305,260,0,4,4,1,255,8,0.03,0
286306,0,234,7792,0,1,2,1,130,255,1,0.01
39081,0,300,2205,0,16,16,1,84,255,1,0.01
177945,0,105,0,0,1,1,1,255,253,0.99,0
225772,0,198,601,0,5,5,1,35,255,1,0.03
231748,0,192,0,0,2,2,1,93,51,0.09,0.09
417,1,5862,332,0,1,2,1,84,139,0.74,0.01
290898,0,223,11079,0,15,15,1,255,255,1,0
101474,0,320,321,0,10,18,1,255,255,1,0
286967,0,199,1025,0,5,17,1,5,77,1,0.2
149968,0,105,0,0,1,1,1,255,253,0.99,0
82563,0,312,10667,0,3,3,1,25,255,1,0.04
287699,0,174,7961,0,3,3,1,217,255,1,0
145054,0,162,143,0,1,1,1,3,255,1,0.33
137626,0,214,6748,0,30,37,1,110,255,1,0.01
77282,0,229,10892,0,16,16,1,66,247,1,0.02
40112,0,2291,326,0,1,1,1,255,128,0.5,0
40323,0,288,791,0,54,54,1,255,255,1,0.01
214453,0,105,0,0,1,1,1,255,253,0.99,0
92788,0,235,34291,0,1,2,1,255,255,1,0
230030,0,54,56,0,510,510,1,255,255,1,0.87
290685,0,105,147,0,1,1,1,255,254,1,0.01
232869,0,238,460,0,16,16,1,36,255,1,0.03
99044,0,222,1099,0,5,6,1,49,255,1,0.02
92702,0,294,317,0,18,35,1,255,255,1,0
82858,0,360,784,0,2,2,1,216,253,1,0
146550,0,105,0,0,1,1,1,255,252,0.99,0
99402,0,247,188,0,1,4,1,72,240,1,0.01
136662,0,105,146,0,1,1,1,255,254,1,0
100287,0,296,431,0,2,2,1,57,255,1,0.02
289563,0,314,1075,0,9,9,1,9,255,1,0.11
154053,0,105,0,0,1,1,1,255,253,0.99,0
93730,0,198,1433,0,12,16,1,255,255,1,0
231046,0,231,2109,0,8,8,1,83,255,1,0.01
99159,0,1050,391,0,1,4,1,255,14,0.05,0
142437,0,105,146,0,1,1,1,255,254,1,0
287119,0,357,1801,0,25,25,1,237,255,1,0
137253,0,238,488,0,4,9,1,255,255,1,0
75835,0,105,146,0,2,2,1,255,254,1,0
155628,0,198,10980,0,5,5,1,31,169,1,0.03
212478,0,105,0,0,1,1,1,255,253,0.99,0
285516,0,105,146,0,2,2,1,255,254,1,0
76177,0,236,278,0,29,30,1,255,255,1,0
210597,0,209,415,0,15,15,1,30,255,1,0.03
140508,0,214,646,0,3,3,1,8,251,1,0.12
156133,0,197,1111,0,4,4,1,255,255,1,0
141224,0,161,28822,0,4,4,1,255,255,1,0
145892,0,234,2547,0,11,13,1,126,255,1,0.01
147025,0,205,2044,0,2,2,1,255,255,1,0
229321,0,245,8885,0,2,2,1,22,255,1,0.05
231866,0,105,145,0,3,3,1,255,255,1,0
101520,0,248,15386,0,8,8,1,47,255,1,0.02
211473,0,348,1646,0,2,9,1,19,255,1,0.05
287788,0,315,8077,0,8,8,1,8,255,1,0.12
310963,0,105,147,0,2,2,1,255,255,1,0.01
213576,0,288,171,0,31,31,1,176,255,1,0.01
93513,0,269,11444,0,3,3,1,231,255,1,0
38484,0,43,43,0,2,3,1,255,253,0.99,0.01
309810,0,304,1255,0,37,37,1,54,255,1,0.02
81552,2,1399,404,0,1,2,1,222,149,0.62,0
147317,0,198,1566,0,4,4,1,4,255,1,0.25
8602,0,212,186,0,41,41,1,255,255,1,0
36048,0,227,1854,0,9,34,1,189,255,1,0.01
228418,0,220,1459,0,4,4,1,171,255,1,0.01
149100,0,202,2011,0,4,4,1,56,255,1,0.02
8452,0,212,253,0,9,9,1,142,255,1,0.01
285810,0,1097,332,0,1,1,1,51,28,0.55,0.02
96154,0,105,147,0,1,1,1,255,254,1,0.01
290753,0,193,171,0,1,1,1,135,255,1,0.01
148493,0,261,396,0,12,12,1,255,255,1,0
155240,0,244,276,0,1,3,1,96,255,1,0.01
146601,0,44,112,0,2,4,1,255,248,0.97,0
138997,0,105,146,0,1,1,1,255,253,0.99,0
38227,0,243,588,0,6,6,1,158,255,1,0.01
152895,0,280,4371,0,5,6,1,13,255,1,0.08
154896,0,233,310,0,17,17,1,255,255,1,0
147980,0,259,17518,0,3,5,1,50,255,1,0.02
77457,0,339,1203,0,2,2,1,2,246,1,0.5
37740,0,297,488,0,2,2,1,46,255,1,0.02
233357,0,105,145,0,3,3,1,255,254,1,0
136036,0,274,2702,0,13,16,1,173,255,1,0.01
211118,0,305,3222,0,3,3,1,255,27,0.11,0
153038,0,325,3157,0,18,18,1,255,255,1,0
136370,0,225,1522,0,11,12,1,84,253,1,0.01
282472,0,329,2775,0,5,16,1,128,255,1,0.01
227809,0,286,914,0,2,7,1,2,255,1,0.5
230314,0,56,57,0,510,510,1,255,255,1,1
285430,0,105,146,0,1,1,1,255,254,1,0
211541,0,105,0,0,1,1,1,166,164,0.99,0.01
76038,0,105,146,0,2,2,1,255,254,1,0.01
174,0,258,1432,0,5,5,1,5,255,1,0.2
147060,0,290,4954,0,9,19,1,27,255,1,0.04
95600,0,231,54563,0,1,18,1,55,251,1,0.02
231859,0,197,848,0,2,2,1,2,241,1,0.5
290962,0,344,4194,0,11,21,1,203,255,1,0
150509,0,105,0,0,1,1,1,255,253,0.99,0
77795,0,223,618,0,11,11,1,69,255,1,0.01
138475,0,321,1035,0,17,17,1,255,255,1,0
233050,0,315,1480,0,1,15,1,255,255,1,0
154383,0,105,0,0,1,1,1,255,253,0.99,0.01
168893,0,234,12491,0,2,2,1,255,255,1,0
213381,0,105,0,0,1,1,1,255,253,0.99,0
39364,0,235,12470,0,26,26,1,80,255,1,0.01
230070,0,54,54,0,511,511,1,255,255,1,0.85
155754,0,224,1159,0,6,29,1,255,255,1,0
34659,0,105,146,0,2,2,1,255,253,0.99,0
528,0,277,35014,0,1,1,1,149,255,1,0.01
77740,0,190,2662,0,6,9,1,6,251,1,0.17
229269,0,264,29484,0,1,20,1,27,255,1,0.04
123800,0,42,42,0,5,8,1,255,255,1,0.01
147743,0,285,1343,0,40,40,1,255,255,1,0
147601,0,213,186,0,5,6,1,65,255,1,0.02
150313,0,73,43,0,44,44,1,255,226,0.89,0.18
94680,0,265,619,0,2,2,1,141,255,1,0.01
135401,0,290,68687,0,4,25,1,28,255,1,0.04
149916,0,307,14912,0,26,26,1,26,255,1,0.04
99343,0,285,71439,0,3,16,1,12,117,1,0.08
148556,0,225,868,0,10,16,1,255,255,1,0
230255,0,53,50,0,360,360,1,255,255,1,0.86
96115,0,246,2673,0,7,7,1,163,255,1,0.01
151757,0,307,609,0,3,3,1,255,255,1,0
309693,0,347,521,0,4,4,1,255,255,1,0
380,0,293,770,0,9,9,1,255,255,1,0
230088,0,52,55,0,511,511,1,255,255,1,1
288149,0,281,759,0,2,19,1,57,255,1,0.02
231758,0,105,145,0,3,3,1,255,255,1,0
143354,0,105,146,0,2,2,1,255,254,1,0
145459,0,201,1511,0,11,19,1,146,255,1,0.01
214782,0,311,3222,0,2,2,1,255,255,1,0
101844,0,45,45,0,2,3,1,255,223,0.87,0.01
309718,0,105,147,0,1,1,1,255,254,1,0
227086,0,225,936,0,4,7,1,255,255,1,0
76087,0,105,105,0,3,3,1,255,254,1,0
34764,0,43,107,0,1,4,1,255,252,0.99,0.01
286459,0,7,222,0,2,1,0.5,255,5,0.02,0
143661,0,44,128,0,54,117,0.98,255,255,1,0
75311,0,17,17,0,7,97,1,52,29,0.56,0.02
230983,0,224,1415,0,8,8,1,97,97,1,0.01
131076,0,360,2776,0,8,8,1,255,255,1,0
148381,0,239,19321,0,6,16,1,15,255,1,0.07
151827,2,1768,330,0,1,1,1,1,158,1,1
81740,0,244,2141,0,4,4,1,4,255,1,0.25
137282,0,320,14706,0,6,6,1,120,255,1,0.01
90759,0,292,1630,0,8,8,1,248,255,1,0
8444,0,284,289,0,44,44,1,44,255,1,0.02
99634,0,287,3370,0,5,8,1,5,255,1,0.2
135355,0,230,5792,0,5,31,1,5,255,1,0.2
150749,0,105,105,0,1,1,1,255,253,0.99,0
153843,0,299,11377,0,7,7,1,224,255,1,0
132711,0,304,1041,0,3,7,1,111,251,1,0.01
289604,0,292,3247,0,5,5,1,23,255,1,0.04
93481,0,317,398,0,11,15,1,255,255,1,0
37829,0,146,4097,0,1,1,1,62,255,1,0.02
76813,1,1334,332,0,1,2,1,253,166,0.66,0
214466,0,105,0,0,1,1,1,255,253,0.99,0
76530,0,235,2237,0,1,1,1,23,255,1,0.04
100157,1,1171,334,0,1,2,1,31,147,0.48,0.03
213932,0,105,0,0,1,1,1,255,252,0.99,0
76501,0,233,2096,0,10,11,1,55,255,1,0.02
93736,0,302,3644,0,7,8,1,82,255,1,0.01
78984,0,316,1316,0,2,20,1,18,231,1,0.06
100789,0,46,46,0,2,4,1,255,252,0.99,0.01
91789,0,252,10236,0,13,13,1,255,255,1,0
213885,0,192,0,0,1,1,1,119,54,0.19,0.19
149502,0,105,0,0,1,1,1,255,251,0.98,0
81455,0,343,327,0,5,40,1,255,255,1,0
77112,0,319,1665,0,3,5,1,255,255,1,0
232690,0,222,1440,0,24,27,1,255,255,1,0
152676,0,287,7384,0,18,19,1,117,255,1,0.01
309366,0,105,147,0,2,2,1,255,254,1,0
150704,0,48,48,0,1,1,1,255,14,0.05,0.05
95490,0,346,412,0,21,27,1,255,255,1,0
150899,0,241,9284,0,13,16,1,162,255,1,0.01
147181,0,303,703,0,14,14,1,255,255,1,0
36194,0,226,5290,0,10,10,1,34,255,1,0.03
284462,0,105,146,0,1,1,1,255,253,0.99,0
78662,0,227,255,0,24,24,1,255,255,1,0
95618,0,307,3222,0,3,4,1,255,244,0.96,0
39351,0,294,3863,0,37,37,1,255,255,1,0
230872,0,105,145,0,2,2,1,255,254,1,0
291061,0,185,16697,0,7,7,1,7,90,1,0.14
139769,0,105,146,0,1,1,1,255,254,1,0
284369,0,105,146,0,1,1,1,65,64,0.98,0.02
78908,0,218,12080,0,21,33,1,40,255,1,0.03
286242,0,290,495,0,21,22,1,255,255,1,0
112,0,315,938,0,1,7,1,24,255,1,0.04
39768,0,311,6324,0,6,15,1,255,255,1,0
94859,0,302,1380,0,6,6,1,255,250,0.98,0
41304,0,105,146,0,2,2,1,255,254,1,0
131507,0,333,17017,0,1,2,1,107,255,1,0.01
138772,0,105,146,0,1,1,1,255,254,1,0
36117,0,229,624,0,14,14,1,145,255,1,0.01
40008,0,218,3200,0,20,20,1,255,255,1,0
90625,0,105,147,0,1,1,1,255,254,1,0
153261,0,317,1481,0,2,2,1,18,255,1,0.06
95611,0,304,4659,0,6,6,1,255,255,1,0
39960,0,294,1292,0,14,14,1,177,255,1,0.01
143606,0,45,45,0,8,43,1,255,255,1,0.01
142609,0,105,146,0,2,2,1,255,254,1,0
90709,0,315,2011,0,33,39,1,255,255,1,0
36527,0,105,146,0,2,2,1,255,255,1,0
226830,0,199,1561,0,18,19,1,255,255,1,0
145166,0,848,366,0,1,1,1,161,196,0.69,0.01
90461,0,215,2404,0,6,12,1,255,255,1,0
212149,0,105,0,0,1,1,1,255,253,0.99,0
211256,0,105,0,0,1,1,1,255,253,0.99,0
310961,0,105,147,0,2,2,1,255,255,1,0.01
153000,0,1497,281,0,1,1,1,81,175,0.8,0.01
135681,0,244,2186,0,11,11,1,96,255,1,0.01
95295,0,246,1396,0,2,3,1,4,255,1,0.25
284909,0,105,146,0,1,1,1,255,254,1,0
283347,0,248,428,0,1,1,1,255,255,1,0.01
210734,0,144,21408,0,1,2,1,66,255,1,0.02
157081,0,105,0,0,1,1,1,255,253,0.99,0
150531,0,105,0,0,1,1,1,255,252,0.99,0
215004,0,184,349,0,12,13,1,41,255,1,0.02
157087,0,247,4604,0,14,14,1,194,255,1,0.01
124519,0,158,347,0,1,1,1,255,255,1,0
227592,0,278,4229,0,22,23,1,120,255,1,0.01
227447,0,193,1838,0,11,11,1,255,255,1,0
144217,0,105,146,0,3,3,1,255,254,1,0
154325,0,237,6289,0,1,1,1,21,255,1,0.05
212347,0,312,869,0,3,3,1,255,255,1,0
95203,0,105,147,0,2,2,1,255,254,1,0.01
41310,0,186,2349,0,10,10,1,31,255,1,0.03
213050,0,177,19004,0,1,5,1,255,255,1,0
143496,0,105,146,0,2,2,1,255,254,1,0
151538,0,366,409,0,4,10,1,86,255,1,0.01
229297,1,1266,327,0,1,3,1,34,152,0.85,0.03
138718,0,295,11398,0,7,7,1,46,245,1,0.02
283196,0,218,1962,0,9,9,1,51,255,1,0.02
145715,0,211,59205,0,21,21,1,105,255,1,0.01
231267,0,144,2674,0,4,6,1,10,255,1,0.1
214651,26,364,1181,0,1,1,1,164,70,0.42,0.01
150819,0,105,0,0,1,1,1,255,252,0.99,0
36341,0,105,146,0,2,2,1,255,254,1,0
131229,0,46,46,0,93,96,1,255,255,1,0
82210,0,316,255,0,24,24,1,255,255,1,0
227392,0,273,31146,0,6,7,1,6,255,1,0.17
96991,0,289,381,0,3,3,1,255,255,1,0
101074,0,227,280,0,5,22,1,255,255,1,0
147165,0,291,3048,0,29,29,1,255,255,1,0
138851,0,335,6589,0,12,16,1,120,255,1,0.01
147654,0,252,1148,0,12,23,1,138,255,1,0.01
143533,0,105,146,0,1,1,1,255,254,1,0
154901,0,105,0,0,1,1,1,255,253,0.99,0
156337,0,158,8086,0,3,3,1,32,32,1,0.03
92337,0,315,1508,0,9,9,1,209,255,1,0
213133,0,229,2753,0,3,3,1,255,255,1,0
28,0,35195,0,0,10,10,1,92,44,0.43,0.43
76783,0,227,65795,0,2,2,1,2,242,1,0.5
93904,0,1484,329,0,1,1,1,146,187,0.79,0.01
155621,0,254,36352,0,11,11,1,46,226,1,0.02
229905,0,55,52,0,511,511,1,255,255,1,0.87
289417,0,328,3542,0,3,18,1,32,255,1,0.03
211245,0,0,84,0,1,1,1,143,88,0.46,0.01
133366,0,218,7384,0,19,20,1,255,255,1,0
97980,0,30,0,0,3,1,0.33,255,1,0,0
155046,0,315,1927,0,16,26,1,144,255,1,0.01
75664,0,105,146,0,2,2,1,255,253,0.99,0
79507,0,207,1861,0,28,28,1,100,255,1,0.01
149175,0,220,3313,0,7,7,1,255,255,1,0
78915,0,144,193,0,1,1,1,12,227,1,0.08
81158,0,246,21732,0,2,5,1,255,255,1,0
149994,0,105,0,0,1,1,1,255,253,0.99,0
153336,0,105,0,0,1,1,1,255,252,0.99,0
95079,0,293,17232,0,19,19,1,255,255,1,0
149144,0,36,0,0,1,1,1,255,64,0.25,0.25
228636,0,157,2676,0,1,1,1,1,255,1,1
233073,0,246,5320,0,15,15,1,255,255,1,0
124896,0,224,4360,0,1,2,1,42,232,1,0.02
99810,0,161,203,0,1,1,1,2,231,1,0.5
138338,0,284,1414,0,5,20,1,255,255,1,0
151983,0,105,0,0,1,1,1,255,252,0.99,0
78776,0,223,868,0,28,35,1,255,255,1,0
231281,0,230,7834,0,7,7,1,19,255,1,0.05
125470,0,205,809,0,7,7,1,255,255,1,0
212515,0,322,656,0,1,1,1,156,255,1,0.01
100466,0,290,2213,0,3,12,1,20,255,1,0.05
132659,0,105,146,0,2,2,1,255,254,1,0.01
287032,0,105,146,0,1,1,1,255,253,0.99,0
34765,0,34,34,0,3,6,1,255,252,0.99,0.02
148046,0,302,6274,0,13,13,1,13,255,1,0.08
211329,0,259,1301,0,43,43,1,255,255,1,0
214553,0,307,1353,0,10,10,1,27,255,1,0.04
75008,0,105,146,0,1,1,1,255,254,1,0
291383,0,342,396,0,15,15,1,221,255,1,0
287259,0,294,2440,0,11,11,1,42,255,1,0.02
286358,0,35,100,0,2,1,0.5,128,125,0.98,0.01
156417,0,344,1452,0,8,16,1,255,255,1,0
154275,0,4224,280,0,1,2,1,81,58,0.72,0.01
150980,0,236,7223,0,3,3,1,154,255,1,0.01
123659,0,204,2469,0,17,17,1,17,255,1,0.06
155720,0,205,2606,0,40,43,1,255,255,1,0
76515,0,300,737,0,12,12,1,127,255,1,0.01
143491,0,105,146,0,2,2,1,255,254,1,0
37245,0,316,2534,0,17,23,1,255,255,1,0
144824,0,222,4349,0,1,3,1,1,255,1,1
146464,0,311,8860,0,1,5,1,13,255,1,0.08
40115,0,174,2087,0,1,8,1,95,255,1,0.01
214456,0,142,12307,0,19,19,1,255,255,1,0
136397,0,191,2156,0,8,10,1,255,255,1,0
286088,0,105,146,0,2,2,1,255,254,1,0
214843,0,350,336,0,4,4,1,255,255,1,0
150514,0,105,0,0,1,1,1,255,253,0.99,0
97921,0,291,251,0,1,1,1,10,255,1,0.1
285087,0,105,146,0,4,4,1,255,255,1,0.01
232616,0,213,2412,0,11,11,1,11,58,1,0.09
210710,0,266,1315,0,37,37,1,255,255,1,0
41276,0,105,146,0,1,1,1,255,254,1,0
145337,0,186,365,0,1,2,1,32,255,1,0.03
122900,0,42,42,0,2,3,1,255,252,0.99,0
284497,0,319,341,0,46,46,1,145,255,1,0.01
142986,0,194,4768,0,11,11,1,255,255,1,0
228813,0,208,2302,0,5,6,1,255,255,1,0
233633,0,175,21691,0,1,14,1,255,255,1,0
95226,0,294,304,0,6,8,1,255,255,1,0
95141,0,237,5989,0,5,5,1,255,255,1,0
229264,0,20,0,0,1,1,1,33,57,0.36,0.36
213236,0,302,309,0,2,17,1,38,255,1,0.03
94615,0,254,5977,0,9,18,1,255,255,1,0
226692,0,393,6248,0,3,3,1,255,255,1,0
233332,1,882,334,0,1,2,1,160,150,0.57,0.01
284636,0,313,1528,0,25,25,1,93,255,1,0.01
227316,0,105,0,0,1,1,1,255,254,1,0
144899,0,213,3293,0,8,13,1,11,255,1,0.09
284032,0,42,42,0,11,17,1,255,255,1,0
98003,0,323,397,0,13,13,1,255,255,1,0
153631,0,105,0,0,1,1,1,255,252,0.99,0.01
138364,0,314,13261,0,1,7,1,3,255,1,0.33
153625,2,9,593,0,1,1,1,181,5,0.03,0.01
149407,0,209,12898,0,11,11,1,255,255,1,0
93322,0,282,5306,0,1,2,1,3,255,1,0.33
284001,0,185,1993,0,3,3,1,75,255,1,0.01
148773,0,260,584,0,1,1,1,39,255,1,0.03
210771,0,225,10061,0,22,24,1,63,255,1,0.02
77538,0,214,278,0,17,19,1,46,255,1,0.02
150674,0,105,0,0,1,1,1,255,252,0.99,0
145115,0,252,412,0,14,46,1,255,255,1,0
99490,0,294,998,0,8,37,1,255,255,1,0
231010,0,208,3879,0,13,19,1,13,255,1,0.08
157159,0,105,0,0,1,1,1,255,253,0.99,0
78979,3,771,329,0,1,3,1,67,86,0.93,0.01
146745,17,384,128,0,6,10,1,136,255,1,0.01
285424,0,105,146,0,1,1,1,255,254,1,0
100403,1,653,333,0,1,2,1,58,115,0.45,0.02
233160,0,212,1437,0,5,5,1,255,255,1,0
38183,0,209,4826,0,7,7,1,103,255,1,0.01
287320,0,213,1405,0,9,9,1,175,255,1,0.01
214282,0,322,656,0,10,12,1,255,255,1,0
150212,0,105,0,0,1,1,1,255,253,0.99,0
36050,0,228,1452,0,11,11,1,255,255,1,0
77161,0,202,5640,0,12,14,1,98,251,1,0.01
147611,0,204,7132,0,4,6,1,255,255,1,0
77810,0,286,1529,0,5,5,1,5,255,1,0.2
79198,0,2799,327,0,2,2,0.5,205,97,0.47,0
101173,0,158,3306,0,3,15,1,3,225,1,0.33
124288,0,218,4079,0,3,8,1,39,247,1,0.03
93412,0,331,6930,0,4,5,1,255,255,1,0
136967,0,309,1215,0,14,17,1,222,255,1,0
139587,0,320,5300,0,7,7,1,80,255,1,0.01
147778,0,162,9235,0,1,1,1,255,255,1,0
285076,0,105,105,0,1,1,1,255,255,1,0
287617,0,267,1363,0,14,14,1,168,255,1,0.01
140883,0,217,752,0,12,13,1,30,255,1,0.03
144482,0,105,146,0,4,4,1,255,254,1,0.01
98290,0,293,748,0,3,3,1,99,255,1,0.01
98692,0,105,147,0,4,4,1,255,254,1,0.01
144463,0,105,146,0,1,1,1,255,254,1,0
41352,0,105,146,0,2,2,1,255,254,1,0
95419,0,205,1227,0,34,38,1,255,255,1,0
99988,0,307,828,0,2,21,1,5,255,1,0.2
215056,0,245,2123,0,11,11,1,11,255,1,0.09
287907,0,254,17892,0,2,2,1,36,255,1,0.03
99060,0,250,571,0,1,13,1,25,255,1,0.04
79260,0,212,8240,0,16,16,1,16,255,1,0.06
154390,0,495,9048,0,3,3,1,255,255,1,0
177857,0,105,105,0,1,1,1,255,252,0.99,0
135909,0,10103,1234,0,18,30,1,255,255,1,0
227114,0,224,267,0,9,9,1,255,255,1,0
94903,0,315,10319,0,4,4,1,4,255,1,0.25
213241,0,463,5523,0,1,27,1,144,255,1,0.01
287768,0,109,409,0,2,2,0.5,74,54,0.73,0.01
212208,0,229,2239,0,3,3,1,255,252,0.99,0
156776,0,105,0,0,1,1,1,255,253,0.99,0
82773,0,225,459,0,3,3,1,113,238,1,0.01
110700,0,224,38117,0,2,2,1,7,255,1,0.14
136286,0,105,146,0,1,1,1,255,254,1,0
80952,0,338,1429,0,21,21,1,72,255,1,0.01
97444,0,105,105,0,1,1,1,255,254,1,0
99181,0,286,175,0,20,20,1,89,255,1,0.01
233000,0,318,388,0,1,9,1,9,255,1,0.11
96170,0,42,108,0,1,1,1,102,226,0.8,0.8
283711,0,304,1380,0,3,3,1,255,241,0.95,0
41189,0,105,146,0,1,1,1,255,254,1,0
133391,0,334,391,0,9,9,1,255,255,1,0
139913,0,231,617,0,9,18,1,71,251,1,0.01
101036,0,274,4841,0,1,2,1,46,255,1,0.02
97070,0,105,147,0,1,1,1,255,254,1,0
283057,0,42,42,0,6,9,1,255,255,1,0
146414,0,395,421,0,1,1,1,91,255,1,0.01
133487,0,323,441,0,7,7,1,255,255,1,0
37674,0,44,115,0,5,9,1,255,251,0.98,0
148128,0,105,0,0,1,1,1,255,252,0.99,0
137167,0,254,1529,0,9,15,1,255,255,1,0
153975,0,322,363,0,4,5,1,255,255,1,0
92264,0,307,3222,0,2,2,1,137,92,0.67,0.01
285054,0,105,105,0,1,1,1,255,254,1,0
154071,0,105,0,0,1,1,1,255,253,0.99,0
91988,0,208,2602,0,14,25,1,79,255,1,0.01
291501,0,166,7570,0,1,1,1,4,255,1,0.25
229197,0,329,907,0,6,6,1,6,255,1,0.17
226174,0,105,0,0,1,1,1,255,253,0.99,0
291509,1,566,282,0,1,1,1,255,139,0.55,0
148692,0,0,83,0,2,1,0.5,255,125,0.49,0
129566,0,30,0,0,2,1,0.5,255,8,0.03,0.03
94503,0,227,9267,0,3,3,1,159,255,1,0.01
137215,0,213,1108,0,4,4,1,70,255,1,0.01
131527,0,320,988,0,3,3,1,170,255,1,0.01
92889,0,321,864,0,34,34,1,255,255,1,0
210502,0,234,7340,0,3,3,1,99,134,1,0.01
135540,0,295,173,0,21,24,1,79,255,1,0.01
310081,0,105,147,0,1,1,1,255,254,1,0
289689,0,297,774,0,18,18,1,18,255,1,0.06
284720,0,105,146,0,2,2,1,255,253,0.99,0.01
154508,0,373,6713,0,24,25,1,40,255,1,0.03
102032,0,229,6727,0,10,13,1,58,241,1,0.02
36377,0,282,263,0,18,20,1,255,255,1,0
165378,0,206,8129,0,15,15,1,105,255,1,0.01
113778,0,202,501,0,27,34,1,80,255,1,0.01
210793,0,232,3178,0,7,7,1,160,255,1,0.01
81752,0,177,1856,0,1,1,1,255,244,0.96,0
77047,0,307,241,0,4,14,1,116,255,1,0.01
213349,0,0,4,0,1,1,1,14,14,1,0.07
91428,0,248,965,0,9,27,1,41,255,1,0.02
94305,0,212,2947,0,10,10,1,129,255,1,0.01
285003,0,105,146,0,1,1,1,255,254,1,0
82841,0,331,2221,0,1,1,1,255,255,1,0
285665,0,105,105,0,1,1,1,255,255,1,0
41609,0,105,146,0,2,2,1,255,254,1,0
213077,0,340,976,0,23,23,1,255,255,1,0
232916,0,105,145,0,3,3,1,255,254,1,0
144862,0,221,1210,0,16,16,1,16,255,1,0.06
136040,0,326,5835,0,2,2,1,255,255,1,0
147369,0,105,0,0,1,1,1,255,253,0.99,0
177946,0,105,0,0,1,1,1,255,253,0.99,0
136786,0,317,313,0,3,9,1,255,255,1,0
36854,0,105,146,0,2,2,1,255,255,1,0
232581,0,30,0,0,2,1,0.5,255,1,0,0
137852,0,309,1946,0,3,3,1,64,255,1,0.02
148056,0,1480,0,0,18,18,1,255,18,0.07,0.07
233344,0,301,4904,0,18,21,1,123,255,1,0.01
214177,0,28,0,0,29,29,1,49,29,0.59,0.59
213417,0,317,702,0,2,5,1,166,255,1,0.01
142113,0,105,146,0,2,2,1,255,253,0.99,0
156766,0,244,299,0,23,23,1,255,255,1,0
101317,0,307,170,0,8,8,1,21,255,1,0.05
100031,0,288,354,0,34,35,1,34,255,1,0.03
286462,0,285,3204,0,8,8,1,255,255,1,0
131281,0,43,43,0,131,131,1,255,255,1,0
35580,0,321,772,0,5,12,1,167,255,1,0.01
131520,0,352,5473,0,3,6,1,49,255,1,0.02
76495,0,341,3198,0,1,9,1,255,255,1,0
150069,0,105,0,0,1,1,1,255,253,0.99,0
37634,0,237,396,0,16,16,1,210,255,1,0
37737,0,317,588,0,13,28,1,188,255,1,0.01
150328,0,44,44,0,207,207,1,255,228,0.89,0.01
231325,0,225,184,0,19,19,1,255,255,1,0
155668,0,0,86,0,1,1,1,174,160,0.68,0.01
141794,0,225,318,0,2,21,1,13,247,1,0.08
91926,0,278,432,0,4,16,1,32,251,1,0.03
96516,0,105,147,0,1,1,1,255,254,1,0
98766,0,30,0,0,1,1,1,14,14,1,1
213720,0,218,454,0,2,2,1,255,255,1,0
289985,0,202,11386,0,7,7,1,33,255,1,0.03
90658,0,220,1497,0,13,13,1,101,255,1,0.01
37853,0,295,753,0,19,20,1,255,255,1,0
229734,0,54,55,0,511,511,1,255,255,1,0.95
285688,0,105,105,0,1,1,1,255,255,1,0
77315,0,245,2094,0,11,11,1,11,255,1,0.09
124799,0,241,187,0,25,27,1,255,255,1,0
40250,0,225,4865,0,7,11,1,40,255,1,0.03
287903,0,309,767,0,2,7,1,51,255,1,0.02
8414,0,228,3113,0,15,15,1,102,255,1,0.01
230000,0,54,56,0,510,510,1,255,255,1,1
149986,0,105,0,0,1,1,1,255,253,0.99,0
146071,0,798,336,0,1,1,1,15,195,0.73,0.07
213506,0,321,3048,0,9,10,1,255,255,1,0
230113,0,55,52,0,511,511,1,255,255,1,0.84
231745,0,220,646,0,3,3,1,3,255,1,0.33
133193,0,272,2438,0,21,23,1,255,255,1,0
38571,0,303,1648,0,6,20,1,255,255,1,0
229741,0,55,55,0,511,511,1,255,255,1,0.95
37550,0,307,1672,0,1,37,1,53,255,1,0.02
76247,3,0,0,0,83,2,0.02,87,2,0.02,0.95
227037,0,325,1781,0,1,2,1,2,255,1,0.5
144208,0,105,146,0,1,1,1,255,255,1,0
212779,0,205,491,0,4,4,1,255,255,1,0
123570,0,355,617,0,13,13,1,255,255,1,0
136763,0,204,2120,0,14,14,1,255,255,1,0
95632,0,219,2167,0,5,5,1,239,251,1,0
144189,0,105,146,0,2,2,1,255,254,1,0.01
146796,0,319,1508,0,3,11,1,16,255,1,0.06
230022,0,54,54,0,511,511,1,255,255,1,0.87
213680,0,243,4930,0,10,10,1,255,255,1,0
233528,0,199,21392,0,4,4,1,14,255,1,0.07
289649,0,365,349,0,4,87,1,255,255,1,0
154222,25,290,903,0,1,1,1,100,28,0.28,0.01
139623,0,105,146,0,1,1,1,255,254,1,0
286919,0,320,397,0,8,8,1,32,255,1,0.03
135696,0,332,1539,0,11,12,1,63,232,1,0.02
288080,0,14189,0,0,3,3,1,126,74,0.53,0.53
215020,0,105,0,0,1,1,1,255,253,0.99,0
150824,0,344,354,0,4,4,1,255,255,1,0
76429,0,224,7079,0,4,6,1,11,255,1,0.09
145332,0,206,310,0,13,19,1,255,255,1,0
151735,0,273,6023,0,5,5,1,77,255,1,0.01
144292,0,105,105,0,2,2,1,255,254,1,0
153462,0,281,752,0,4,18,1,20,255,1,0.05
149395,0,209,667,0,9,9,1,255,255,1,0
148261,0,44,44,0,2,3,1,255,250,0.98,0.01
291641,212,225,256,0,1,1,1,255,242,0.95,0
291067,0,229,3683,0,1,2,1,1,255,1,1
157148,0,105,0,0,1,1,1,255,253,0.99,0
156656,0,1918,332,0,1,1,1,255,128,0.5,0
156560,0,278,342,0,13,13,1,142,255,1,0.01
226038,0,322,3127,0,10,10,1,255,255,1,0
98675,0,105,147,0,4,4,1,255,255,1,0.01
133439,0,227,3498,0,18,23,1,255,255,1,0
91906,0,237,1909,0,10,10,1,10,255,1,0.1
38071,0,238,1146,0,6,7,1,177,177,1,0.01
146524,0,209,4415,0,4,4,1,92,255,1,0.01
76538,0,321,1944,0,22,22,1,121,255,1,0.01
154231,0,334,3511,0,3,14,1,244,255,1,0
81964,0,295,27329,0,9,10,1,18,255,1,0.06
286884,0,317,260,0,10,11,1,25,255,1,0.04
82539,0,237,19251,0,1,1,1,255,255,1,0
136043,0,321,7494,0,10,11,1,40,229,1,0.03
286761,0,217,1729,0,1,1,1,63,255,1,0.02
150603,0,105,0,0,1,1,1,255,253,0.99,0
81345,0,321,10804,0,19,19,1,19,255,1,0.05
142587,0,245,676,0,3,3,1,255,255,1,0
227068,0,330,2900,0,36,42,1,120,231,1,0.01
82171,0,801,333,0,1,1,1,203,189,0.91,0
145781,0,295,373,0,1,2,1,22,255,1,0.05
91117,0,105,147,0,1,1,1,255,254,1,0
37746,0,301,596,0,16,28,1,208,255,1,0
144978,0,195,765,0,26,26,1,255,255,1,0
79299,0,208,12712,0,22,22,1,160,255,1,0.01
156639,0,316,21074,0,7,7,1,255,255,1,0
154490,0,222,4549,0,2,2,1,31,255,1,0.03
149846,0,105,0,0,1,1,1,255,253,0.99,0
81102,0,140,4039,0,1,20,1,255,255,1,0
99421,0,285,1453,0,10,11,1,26,160,1,0.04
100043,0,230,392,0,11,16,1,255,255,1,0
227326,0,105,0,0,1,1,1,255,254,1,0
131149,0,338,1486,0,7,7,1,182,251,1,0.01
156662,0,214,3386,0,1,1,1,197,255,1,0.01
213411,0,364,4889,0,8,31,1,122,255,1,0.01
38427,0,294,938,0,11,14,1,255,255,1,0
132102,0,105,146,0,2,2,1,255,253,0.99,0.01
76183,1,1143,368,0,1,2,1,239,190,0.73,0
135009,0,317,3319,0,4,4,1,22,22,1,0.05
211431,0,38,38,0,2,4,1,255,238,0.93,0.01
150253,0,105,0,0,1,1,1,255,253,0.99,0
214287,0,230,299,0,8,8,1,255,255,1,0
139661,0,230,613,0,8,9,1,237,255,1,0
227884,0,105,0,0,4,4,1,255,254,1,0.02
287689,0,279,1643,0,1,2,1,26,255,1,0.04
145934,0,187,542,0,19,20,1,65,255,1,0.02
287939,0,256,12857,0,1,1,1,23,255,1,0.04
144141,0,105,146,0,2,2,1,255,254,1,0
99423,0,275,18971,0,8,13,1,255,255,1,0
146743,0,105,0,0,1,1,1,255,253,0.99,0
291035,0,235,1284,0,10,10,1,10,10,1,0.1
144407,0,105,146,0,3,3,1,255,255,1,0.01
226816,0,224,1282,0,5,5,1,208,255,1,0
151579,0,290,3848,0,7,7,1,93,255,1,0.01
230282,0,56,52,0,445,445,1,255,255,1,1
76677,1,29194,334,0,1,3,1,190,182,0.71,0.01
92559,0,272,4841,0,3,11,1,49,255,1,0.02
154495,0,322,276,0,5,13,1,255,255,1,0
152248,0,145,36527,0,1,1,1,77,255,1,0.01
94172,0,228,1404,0,15,15,1,255,255,1,0
214250,0,283,1383,0,2,2,1,2,2,1,0.5
156288,0,7658,0,0,2,2,1,154,18,0.08,0.08
151565,0,105,0,0,1,1,1,255,251,0.98,0
36533,0,307,4904,0,1,10,1,255,255,1,0
78664,0,259,13034,0,2,2,1,21,255,1,0.05
48,0,307,1528,0,7,7,1,255,255,1,0
148314,0,235,4097,0,2,2,1,255,255,1,0
232252,0,248,26227,0,11,11,1,255,255,1,0
287899,1,309,911,0,3,19,1,46,255,1,0.02
149670,0,319,8161,0,30,31,1,255,255,1,0
150451,0,105,0,0,1,1,1,255,253,0.99,0
310431,0,105,147,0,4,4,1,255,255,1,0.01
286534,0,267,37413,0,1,23,1,5,255,1,0.2
150559,0,105,0,0,1,1,1,255,253,0.99,0
41184,0,105,146,0,1,1,1,255,254,1,0
214061,0,379,2719,0,2,3,1,171,255,1,0.01
288443,0,304,11079,0,5,12,1,211,255,1,0
310204,0,44,44,0,4,84,1,255,255,1,0.01
287200,0,281,31939,0,2,2,1,2,255,1,0.5
226991,0,216,794,0,15,15,1,88,255,1,0.01
142980,0,258,212,0,2,3,1,165,255,1,0.01
232976,0,219,608,0,9,39,1,255,255,1,0
228407,0,221,1825,0,6,7,1,29,255,1,0.03
91398,0,244,1745,0,41,41,1,216,255,1,0
289502,0,277,759,0,3,14,1,74,255,1,0.01
36299,0,233,3655,0,10,13,1,255,255,1,0
150026,0,105,0,0,1,1,1,255,253,0.99,0
291469,0,105,147,0,1,1,1,255,255,1,0
148010,0,105,0,0,1,1,1,255,253,0.99,0.01
98869,0,302,1404,0,8,8,1,26,255,1,0.04
136351,0,105,146,0,1,1,1,255,254,1,0
96535,0,105,147,0,2,2,1,255,254,1,0
139675,0,221,1585,0,10,10,1,255,255,1,0
41113,0,105,146,0,2,2,1,255,254,1,0
38996,0,319,1747,0,23,23,1,255,255,1,0
231545,0,221,273,0,12,35,1,24,255,1,0.04
75093,0,105,146,0,1,1,1,255,254,1,0
98695,0,105,147,0,2,2,1,255,254,1,0.01
290986,0,224,1525,0,12,12,1,255,255,1,0
77766,0,200,594,0,10,13,1,10,255,1,0.1
213008,0,210,4179,0,1,1,1,1,255,1,1
184,0,45,110,0,1,3,1,255,251,0.98,0.01
134659,0,105,146,0,1,1,1,255,254,1,0
101252,0,209,673,0,14,23,1,255,255,1,0
147760,0,218,725,0,17,17,1,255,255,1,0
155600,23,286,903,0,1,1,1,255,78,0.31,0
131252,0,45,45,0,199,199,1,255,254,1,0
138827,0,291,606,0,5,5,1,71,255,1,0.01
133365,0,222,182,0,10,10,1,255,255,1,0
145299,0,348,7363,0,31,41,1,255,255,1,0
228810,0,0,83,0,1,1,1,17,155,0.76,0.06
136433,0,201,307,0,11,17,1,255,255,1,0
35975,0,176,2920,0,2,3,1,115,254,1,0.01
398,1,2969,330,0,1,2,1,153,98,0.46,0.01
94440,0,1563,326,0,1,1,1,203,124,0.61,0
214719,0,105,0,0,1,1,1,255,253,0.99,0
154473,0,277,1807,0,12,50,1,60,255,1,0.02
124098,0,308,2698,0,4,4,1,255,220,0.86,0
155911,0,105,0,0,1,1,1,255,252,0.99,0
97593,0,45,45,0,22,61,1,255,254,1,0.01
94703,0,345,522,0,10,12,1,255,255,1,0
132997,0,33,0,0,1,2,1,105,27,0.15,0.15
231476,0,254,5321,0,26,27,1,161,255,1,0.01
76818,0,240,1535,0,4,4,1,42,249,1,0.02
39565,0,105,146,0,1,1,1,255,254,1,0
342,0,308,2096,0,27,32,1,55,255,1,0.02
95583,0,281,307,0,9,12,1,255,255,1,0
225898,0,225,1760,0,6,6,1,255,255,1,0
144113,0,105,146,0,1,1,1,255,254,1,0
282814,0,42,42,0,3,4,1,255,255,1,0.01
150435,0,105,0,0,1,1,1,255,253,0.99,0
284064,0,105,146,0,1,1,1,255,253,0.99,0
137925,0,224,29481,0,18,18,1,80,255,1,0.01
97161,0,105,147,0,1,1,1,255,254,1,0
109642,0,296,362,0,1,1,1,25,247,1,0.04
210994,10071,3541,17101,0,1,1,1,121,29,0.24,0.01
287431,0,307,506,0,3,3,1,3,190,1,0.33
152779,0,175,1577,0,2,3,1,94,255,1,0.01
150453,0,105,0,0,1,1,1,255,253,0.99,0
233036,0,203,54,0,3,3,1,27,255,1,0.04
101494,0,198,474,0,13,13,1,122,255,1,0.01
212097,0,105,0,0,1,1,1,255,253,0.99,0
143284,0,235,1665,0,2,2,1,44,117,1,0.02
291791,0,105,147,0,1,1,1,255,254,1,0
99386,0,197,8996,0,1,27,1,18,255,1,0.06
96508,0,105,147,0,1,1,1,255,254,1,0
144679,0,105,105,0,1,1,1,255,254,1,0
136524,0,105,146,0,1,1,1,255,253,0.99,0
214201,0,340,1346,0,2,2,1,104,255,1,0.01
76377,0,327,2078,0,8,10,1,255,255,1,0
144868,0,176,19702,0,1,1,1,48,255,1,0.02
97661,0,43,43,0,28,48,1,255,255,1,0.01
282802,0,30,0,0,2,1,0.5,255,1,0,0
288001,0,217,11276,0,8,8,1,8,255,1,0.12
135919,0,361,1135,0,15,15,1,255,255,1,0
144526,0,105,146,0,2,2,1,255,254,1,0
136806,0,337,474,0,11,11,1,47,255,1,0.02
214077,0,327,1584,0,27,27,1,255,255,1,0
101871,0,222,4928,0,3,14,1,69,251,1,0.01
92444,0,1245,372,0,1,3,1,74,176,0.81,0.01
285908,0,105,146,0,1,1,1,255,254,1,0
135044,0,40008,0,0,3,3,1,56,56,1,1
93472,0,301,2507,0,2,2,1,255,224,0.88,0
99650,0,363,776,0,16,16,1,255,255,1,0
284510,0,310,2445,0,2,2,1,25,255,1,0.04
123378,0,218,2271,0,3,4,1,13,255,1,0.08
226711,0,214,770,0,14,14,1,255,255,1,0
143363,0,105,146,0,2,2,1,255,254,1,0
154531,0,105,0,0,1,1,1,255,253,0.99,0
231289,0,275,1386,0,29,31,1,29,255,1,0.03
230742,0,365,720,0,6,8,1,255,255,1,0
310365,0,105,147,0,2,2,1,255,254,1,0.01
123457,0,273,3407,0,5,21,1,28,251,1,0.04
291419,0,105,147,0,1,1,1,255,254,1,0
146656,0,105,0,0,1,1,1,255,253,0.99,0.01
149514,0,241,781,0,14,14,1,255,255,1,0
227329,0,321,331,0,15,15,1,255,255,1,0
92999,0,219,597,0,17,17,1,255,255,1,0
79109,0,253,2250,0,2,2,1,255,255,1,0
95687,0,225,4615,0,6,6,1,255,255,1,0
284191,0,307,467,0,23,24,1,255,255,1,0
144933,0,180,2807,0,4,4,1,15,15,1,0.07
285878,0,229,397,0,1,1,1,1,255,1,1
75603,0,105,146,0,2,2,1,255,254,1,0
226748,0,105,0,0,1,1,1,255,253,0.99,0
229868,0,53,53,0,511,511,1,255,255,1,0.78
40405,0,311,6445,0,4,4,1,68,255,1,0.01
152912,0,284,297,0,10,10,1,10,255,1,0.1
120195,0,36,0,0,2,2,1,15,80,1,1
35636,0,246,3013,0,14,32,1,26,255,1,0.04
148736,0,28,0,0,91,91,1,116,91,0.78,0.78
283627,0,208,6288,0,2,2,1,76,255,1,0.01
149718,0,328,320,0,1,23,1,4,255,1,0.25
94168,0,378,5579,0,4,16,1,184,255,1,0.01
226796,0,229,1275,0,7,7,1,139,255,1,0.01
290844,0,299,4073,0,6,17,1,255,255,1,0
232973,0,337,1215,0,13,14,1,255,255,1,0
154501,0,171,389,0,1,1,1,39,255,1,0.03
231512,0,220,1662,0,19,29,1,141,255,1,0.01
157160,0,105,105,0,1,1,1,255,253,0.99,0
143465,0,105,146,0,1,1,1,255,254,1,0
78241,0,288,1768,0,37,41,1,255,255,1,0
77130,0,354,988,0,35,35,1,74,255,1,0.01
154090,0,207,4244,0,7,11,1,255,255,1,0
100,0,764,329,0,1,1,1,12,159,0.83,0.08
91440,0,315,2365,0,2,2,1,2,255,1,0.5
287337,0,330,13629,0,1,1,1,18,255,1,0.06
77856,0,204,14850,0,32,38,1,229,255,1,0
156993,0,214,498,0,9,9,1,25,255,1,0.04
145758,0,341,1411,0,15,23,1,255,255,1,0
151870,0,318,270,0,11,18,1,21,20,0.95,0.05
76318,0,344,10572,0,2,2,1,2,255,1,0.5
92274,0,348,2817,0,23,23,1,75,253,1,0.01
148661,0,220,309,0,2,2,1,255,255,1,0
75860,0,105,146,0,2,2,1,255,254,1,0
213344,0,201,3848,0,11,11,1,26,255,1,0.04
40123,0,105,105,0,2,2,1,255,254,1,0
233465,0,45,114,0,5,7,0.8,255,252,0.99,0.01
133198,0,333,1234,0,71,71,1,255,255,1,0
34825,0,162,26665,0,1,1,1,255,255,1,0
156443,0,12286,0,0,6,8,1,255,68,0.27,0.27
289675,0,211,4408,0,1,1,1,11,255,1,0.09
230879,0,105,145,0,2,2,1,255,254,1,0
92535,0,321,8422,0,22,22,1,255,255,1,0
144348,0,105,146,0,3,3,1,255,254,1,0.01
154445,0,194,534,0,22,27,1,114,255,1,0.01
37774,0,287,537,0,5,5,1,53,255,1,0.02
232289,0,105,145,0,2,2,1,255,255,1,0.01
79426,0,215,671,0,15,18,1,255,255,1,0
146637,0,157,12382,0,2,2,1,118,118,1,0.01
132987,0,105,146,0,1,1,1,255,254,1,0
285322,0,46,46,0,219,219,1,255,255,1,0
145957,0,221,364,0,22,22,1,47,255,1,0.02
156966,0,105,0,0,1,1,1,255,253,0.99,0.01
213996,0,310,3222,0,2,2,1,255,251,0.98,0
137773,1,2442,329,0,1,3,1,178,122,0.69,0.01
177937,0,105,0,0,1,1,1,255,253,0.99,0
90372,0,237,3468,0,7,7,1,29,255,1,0.03
210989,0,243,9036,0,5,5,1,54,101,1,0.02
226262,0,331,2733,0,6,6,1,98,255,1,0.01
78814,0,48,0,0,2,2,1,146,33,0.23,0.23
81033,0,326,9823,0,5,46,1,35,75,1,0.03
152671,13,1633,330,0,1,1,1,85,89,0.39,0.01
151831,0,105,0,0,1,1,1,78,78,1,0.01
149267,0,0,83,0,1,1,1,178,105,0.59,0.01
211824,0,36,0,0,1,6,1,10,12,0.1,0.1
149706,0,253,622,0,15,17,1,255,255,1,0
139396,0,309,1755,0,4,4,1,25,98,1,0.04
228815,0,201,7384,0,18,23,1,255,255,1,0
81311,0,209,9823,0,5,6,1,80,120,1,0.01
79013,0,293,426,0,21,25,1,82,246,1,0.01
36475,0,42,42,0,11,15,1,255,249,0.98,0.01
148527,0,44,113,0,1,2,1,255,250,0.98,0
285968,0,182,9235,0,3,3,1,239,255,1,0
91086,0,204,326,0,5,5,1,5,255,1,0.2
75725,0,105,146,0,1,1,1,255,254,1,0
213655,0,230,260,0,1,1,1,19,255,1,0.05
227795,0,309,759,0,2,6,1,67,255,1,0.01
150889,0,255,2479,0,5,5,1,60,255,1,0.02
157184,0,304,12380,0,1,2,1,7,255,1,0.14
139568,0,313,3626,0,12,15,1,32,255,1,0.03
101386,0,286,5862,0,7,7,1,254,255,1,0
286683,0,105,146,0,2,2,1,255,254,1,0
37705,0,42,42,0,2,2,1,255,251,0.98,0
291264,0,322,18091,0,4,4,1,32,255,1,0.03
93709,0,326,782,0,6,8,1,187,255,1,0.01
81012,0,269,11444,0,6,6,1,255,255,1,0
285174,0,105,146,0,1,1,1,255,254,1,0
91027,0,193,307,0,9,14,1,75,255,1,0.01
153755,0,0,83,0,1,2,1,61,146,0.8,0.02
141056,0,207,1244,0,2,11,1,2,255,1,0.5
77229,0,335,315,0,18,18,1,67,221,1,0.01
153551,0,287,2491,0,13,13,1,43,255,1,0.02
93166,0,291,296,0,14,14,1,73,255,1,0.01
155741,0,329,544,0,4,4,1,255,255,1,0
91188,0,313,458,0,11,23,1,94,255,1,0.01
81746,0,204,2094,0,4,5,1,34,251,1,0.03
135798,0,336,3336,0,1,1,1,18,255,1,0.06
95930,0,317,2801,0,8,8,1,255,255,1,0
145796,0,344,753,0,8,8,1,36,255,1,0.03
37360,0,233,3709,0,1,1,1,8,255,1,0.12
150851,0,307,756,0,3,3,1,172,255,1,0.01
214211,0,45,111,0,1,1,1,67,228,0.87,0.87
78596,0,214,1423,0,26,56,1,65,255,1,0.02
233417,0,105,145,0,2,2,1,255,255,1,0
283099,0,332,397,0,3,3,1,255,255,1,0
93478,0,313,1123,0,5,5,1,255,255,1,0.01
284086,0,209,12542,0,13,13,1,85,255,1,0.01
226803,0,219,413,0,20,20,1,20,255,1,0.05
137011,0,232,1464,0,5,5,1,115,255,1,0.01
92897,0,249,5381,0,8,8,1,255,255,1,0
95846,0,105,147,0,2,2,1,255,254,1,0
284069,0,105,146,0,1,1,1,255,253,0.99,0
95283,0,105,147,0,2,2,1,255,254,1,0
233562,1,1965,332,0,1,3,1,109,194,0.81,0.01
90507,0,228,9424,0,1,2,1,14,251,1,0.07
287378,0,264,3266,0,10,11,1,136,255,1,0.01
37509,0,44,113,0,1,2,1,255,251,0.98,0
133991,0,331,1078,0,12,12,1,42,255,1,0.02
233602,0,42,42,0,4,8,1,255,255,1,0
81595,0,230,1290,0,32,32,1,128,255,1,0.01
140793,0,105,146,0,1,1,1,255,254,1,0.01
286914,0,225,3545,0,1,16,1,1,255,1,1
149249,0,217,3550,0,20,20,1,255,255,1,0
226560,0,46,46,0,160,240,1,255,254,1,0.01
151353,0,319,1631,0,13,13,1,255,255,1,0
139392,0,29,0,0,1,3,1,255,21,0.08,0.25
289421,0,295,1244,0,3,18,1,9,255,1,0.11
76175,0,244,283,0,10,10,1,255,255,1,0
286387,0,102,0,0,5,12,1,146,143,0.98,0.37
214769,0,105,0,0,1,1,1,255,253,0.99,0.01
91749,0,834,327,0,1,1,1,36,145,0.72,0.03
124173,0,314,1108,0,4,4,1,56,255,1,0.02
142691,0,105,146,0,2,2,1,255,254,1,0
282463,0,1761,413,0,1,1,1,120,192,0.9,0.01
156485,0,305,2073,0,32,32,1,255,255,1,0
123890,0,233,763,0,21,21,1,255,255,1,0
230398,0,54,49,0,509,509,1,255,255,1,0.86
38755,0,175,15311,0,1,1,1,53,179,1,0.02
210920,0,105,0,0,1,1,1,255,253,0.99,0
212339,0,319,265,0,12,13,1,57,255,1,0.02
144830,0,256,2675,0,2,3,1,255,255,1,0
100688,0,225,2510,0,4,4,1,4,255,1,0.25
99158,0,348,283,0,10,29,1,186,255,1,0.01
285893,0,253,2373,0,6,9,1,106,132,1,0.01
232872,23,285,903,0,1,1,1,167,38,0.23,0.01
97565,0,46,112,0,77,155,1,171,99,0.58,0.01
36332,0,194,465,0,3,3,1,3,229,1,0.33
147057,0,197,25519,0,3,3,1,255,255,1,0
148409,0,295,306,0,16,20,1,255,255,1,0.01
290029,0,217,5437,0,11,11,1,53,255,1,0.02
147770,0,340,398,0,5,6,1,255,255,1,0
95232,0,173,12382,0,1,1,1,246,246,1,0
137330,0,214,765,0,34,34,1,255,255,1,0
36531,0,42,42,0,17,23,1,255,250,0.98,0.01
151503,0,1347,332,0,2,1,0.5,255,145,0.57,0
8588,0,203,651,0,19,19,1,255,255,1,0
101219,0,210,1000,0,51,68,1,126,255,1,0.01
93091,0,317,263,0,21,30,1,255,255,1,0
92582,0,64,0,0,1,1,1,100,1,0.01,0.01
155045,0,298,1278,0,6,29,1,134,255,1,0.01
211670,0,295,4874,0,24,24,1,24,255,1,0.04
75586,0,105,146,0,2,2,1,255,254,1,0
97553,0,43,126,0,50,72,1,181,223,0.87,0.87
284645,0,105,146,0,1,1,1,255,253,0.99,0
136306,0,240,2053,0,15,17,1,255,255,1,0
131315,0,286,71134,0,4,4,1,96,255,1,0.01
100310,0,286,22766,0,1,15,1,124,255,1,0.01
82444,0,274,7977,0,8,8,1,20,180,1,0.05
153516,0,328,8740,0,2,2,1,141,255,1,0.01
231895,0,192,0,0,2,2,1,111,55,0.2,0.38
124337,0,321,4019,0,23,23,1,70,255,1,0.01
153669,0,303,2042,0,16,20,1,51,255,1,0.02
285333,0,44,44,0,125,125,1,255,255,1,0.01
152923,0,274,261,0,2,5,1,2,255,1,0.5
78222,0,293,1674,0,4,4,1,255,255,1,0
37294,0,193,846,0,15,15,1,15,255,1,0.07
226470,0,105,105,0,1,1,1,255,253,0.99,0
290385,0,326,5554,0,3,3,1,68,255,1,0.01
212406,0,271,9365,0,1,1,1,15,255,1,0.07
156700,0,105,0,0,1,1,1,255,252,0.99,0
81262,0,16550,338,0,1,1,1,224,142,0.63,0
131221,0,45,45,0,223,223,1,255,248,0.97,0
212354,0,346,666,0,29,36,1,33,255,1,0.03
211197,0,232,4296,0,3,9,1,33,255,1,0.03
149791,0,105,0,0,1,1,1,255,253,0.99,0
105521,0,44,44,0,2,3,1,255,240,0.94,0.01
212055,0,192,3271,0,2,3,1,2,255,1,0.5
92017,0,301,299,0,22,22,1,255,255,1,0.01
233018,0,226,2207,0,7,8,1,25,255,1,0.04
39164,0,105,146,0,2,1,0.5,255,254,1,0.01
150072,0,105,0,0,1,1,1,255,253,0.99,0
233355,0,296,5151,0,4,5,1,43,255,1,0.05
147302,0,220,3361,0,7,24,1,38,255,1,0.03
134968,0,36,0,0,3,16,1,16,68,1,1
146634,0,275,668,0,26,38,1,255,255,1,0
8087,0,1022,334,0,1,2,1,5,101,0.6,0.2
157129,0,208,2800,0,2,2,1,23,255,1,0.04
101654,0,224,5768,0,1,17,1,27,255,1,0.04
211019,0,342,2726,0,2,2,1,7,255,1,0.14
99862,0,305,1850,0,12,14,1,127,255,1,0.01
40259,0,302,1504,0,20,20,1,20,255,1,0.05
77397,0,343,2464,0,8,11,1,201,255,1,0
97709,0,105,147,0,2,2,1,255,254,1,0.01
77755,0,289,526,0,1,3,1,6,255,1,0.17
214202,0,301,490,0,9,11,1,38,255,1,0.03
146404,0,290,2456,0,21,35,1,21,255,1,0.05
696,0,105,146,0,1,1,1,255,255,1,0
286555,0,317,2952,0,10,12,1,10,255,1,0.1
131145,0,299,1522,0,12,12,1,150,251,1,0.01
36180,0,237,1556,0,7,7,1,34,229,1,0.03
211299,0,0,83,0,2,1,0.5,255,59,0.23,0
145612,0,220,1406,0,2,2,1,255,255,1,0.01
149219,0,211,3200,0,20,20,1,255,255,1,0
226082,0,214,170,0,12,12,1,255,255,1,0
231381,0,105,145,0,3,3,1,255,255,1,0
291857,0,105,147,0,1,1,1,255,254,1,0
231030,0,220,1026,0,4,5,1,255,255,1,0
38016,0,42,42,0,8,12,1,255,251,0.98,0
214509,0,105,0,0,1,1,1,255,254,1,0
660,0,203,291,0,18,22,1,255,255,1,0
148708,0,347,5626,0,1,36,1,206,255,1,0
230811,0,105,145,0,2,2,1,255,255,1,0
154560,0,242,420,0,20,20,1,255,255,1,0
289819,0,223,397,0,13,20,1,255,255,1,0
8390,0,221,3781,0,22,22,1,168,255,1,0.01
142444,0,105,146,0,2,2,1,255,254,1,0
92294,0,263,734,0,2,2,1,2,225,1,0.5
77614,0,318,3848,0,10,19,1,13,255,1,0.08
94918,0,216,261,0,27,29,1,255,255,1,0
310321,0,105,147,0,1,1,1,255,253,0.99,0
289694,0,687,0,0,1,1,1,144,79,0.07,0.07
226436,0,105,0,0,1,1,1,255,253,0.99,0
138127,0,255,3404,0,1,1,1,69,255,1,0.01
229423,0,44,113,0,1,2,1,255,251,0.98,0
154393,0,317,1226,0,15,31,1,135,255,1,0.01
145271,0,257,89847,0,22,23,1,255,255,1,0
90705,0,323,15797,0,31,36,1,255,255,1,0
288063,0,274,4841,0,2,2,1,103,255,1,0.01
143859,0,105,146,0,2,2,1,255,254,1,0
142263,0,209,2315,0,1,1,1,165,255,1,0.01
285134,0,105,146,0,4,4,1,255,255,1,0.01
290404,0,105,147,0,1,1,1,255,254,1,0
149572,0,248,1875,0,1,1,1,255,255,1,0
78605,0,293,1837,0,2,3,1,73,255,1,0.01
231710,0,141,11637,0,1,1,1,1,255,1,1
37543,0,318,349,0,2,2,1,106,255,1,0.01
81324,0,218,2490,0,14,44,1,255,255,1,0
101889,0,205,870,0,6,6,1,14,255,1,0.07
145022,0,217,1600,0,12,12,1,255,255,1,0
227528,0,345,2741,0,6,7,1,255,255,1,0
229513,0,174,8885,0,2,2,1,54,255,1,0.02
75766,0,105,146,0,1,1,1,255,254,1,0
149873,0,105,0,0,1,1,1,255,252,0.99,0
133154,35,96,533,0,1,1,1,221,3,0.01,0
96420,31,197,1608,0,1,1,1,248,32,0.13,0
133097,0,3346,0,0,1,1,1,255,49,0.19,0.19
79377,30,137,1403,0,1,1,1,235,17,0.07,0
35642,198,2442,10661,0,1,1,1,255,1,0,0
133084,988,1773,32209,0,1,1,1,255,104,0.41,0
91228,31,198,1608,0,1,1,1,29,3,0.1,0.03
156065,253,1734,3196,0,1,1,1,251,24,0.1,0
149239,6,94,332,0,1,1,1,96,1,0.01,0.01
133005,23,146,650,0,1,1,1,3,1,0.33,0.33
78081,0,0,5020,0,3,3,1,3,9,1,1
135994,0,0,3249,0,1,1,1,1,11,1,1
227602,40,258,2625,0,1,1,1,28,2,0.04,0.04
96417,5,95,332,0,1,1,1,247,90,0.36,0
133106,49,158,504,0,1,1,1,199,2,0.01,0.01
135996,31,197,1644,0,1,1,1,255,172,0.67,0
78074,8,220,688,0,1,1,1,53,27,0.51,0.02
78839,192,1713,18570,0,1,1,1,151,32,0.04,0.01
151891,58,2615,4233,0,1,1,1,10,2,0.2,0.1
100841,84,277,1089,0,1,1,1,255,1,0,0
156976,2,398,3881,1,1,1,1,255,22,0.09,0
91215,1,117,1357,0,1,1,1,26,2,0.08,0.04
93447,75,277,1087,0,1,1,1,137,101,0.74,0.01
89474,26,156,1561,0,1,1,1,255,162,0.64,0
225959,69,2458,223095,0,1,1,1,120,28,0.23,0.01
133192,15,45,214,0,1,1,1,226,4,0.02,0
233106,92,2458,9336,0,1,1,1,146,19,0.13,0.01
135992,6,94,332,0,1,1,1,255,15,0.06,0
91589,0,195,0,0,1,1,1,19,32,0.47,0.47
149242,61,195,2051,0,1,1,1,97,29,0.3,0.01
91225,0,0,3249,0,1,1,1,1,1,1,1
91583,804,1589,36386,3,1,1,1,18,4,0.22,0.06
107132,684,2715,13392,0,1,1,1,255,14,0.05,0
91591,0,283618,0,0,1,1,1,20,33,0.5,0.5
137063,2,398,3881,1,1,1,1,153,19,0.12,0.01
41816,84,2742,5433,0,1,1,1,255,1,0,0
78080,0,0,5928,0,2,2,1,2,8,1,1
99463,373,2954,4768,0,1,1,1,255,13,0.05,0
133088,54,148,643,0,1,1,1,192,1,0.01,0.01
91587,31,189,541,0,1,1,1,1,1,1,1
136172,2224,3548,37496,0,1,1,1,255,164,0.64,0
78079,0,0,5696,0,1,1,1,1,7,1,1
101141,1964,3760,29364,0,1,1,1,255,3,0.01,0
96418,0,0,3249,0,1,1,1,242,20,0.05,0.05
125733,72,2783,15142,0,1,1,1,255,56,0.22,0
133111,10,256000,0,0,1,1,1,255,51,0.2,0.2
78082,0,0,2072,0,3,3,1,4,10,1,1
41421,71,2783,15242,0,1,1,1,255,1,0,0
76578,43,260,2611,0,1,1,1,255,13,0.05,0
132996,135,353,5769,0,1,1,1,255,141,0.55,0
133109,0,45,0,0,1,1,1,255,50,0.2,0.2
133007,0,3346,0,0,1,1,1,255,44,0.17,0.17
133160,0,116,0,0,1,1,1,255,52,0.2,0.2
91212,6,50,199,0,1,1,1,25,19,0.76,0.04
91224,5,94,333,0,1,1,1,27,20,0.74,0.04
286778,62,2615,4233,0,1,1,1,255,1,0,0
96753,154,1510,3349,0,1,1,1,255,35,0.14,0
101168,0,105,147,0,1,1,1,255,253,0.99,0
139430,4,30,93,0,1,1,1,255,253,0.99,0
134449,8,30,93,0,1,1,1,255,211,0.83,0
133507,5,26,93,0,1,1,1,255,230,0.9,0
139213,4,30,93,0,1,1,1,255,251,0.98,0
291908,0,105,147,0,1,1,1,255,254,1,0
143034,0,105,146,0,2,2,1,255,254,1,0
97409,0,105,147,0,2,2,1,255,254,1,0
132365,0,105,146,0,1,1,1,255,254,1,0
75063,0,105,146,0,2,2,1,255,254,1,0
310666,0,105,147,0,1,1,1,255,254,1,0
130965,280,283618,0,0,2,2,1,6,6,1,1
141346,4,30,93,0,1,1,1,255,250,0.98,0
140739,4,30,93,0,1,1,1,255,253,0.99,0
285746,0,105,146,0,2,2,1,255,254,1,0
89698,280,283618,0,0,2,2,1,8,8,1,1
139210,3,30,93,0,1,1,1,255,251,0.98,0
144083,0,105,146,0,2,2,1,204,203,1,0
82594,0,12,0,0,1,1,1,1,5,1,1
75431,0,105,146,0,1,1,1,255,254,1,0
131885,0,120,174,0,1,1,1,255,209,0.82,0
142476,0,12,0,0,1,1,1,8,7,0.88,0.88
131636,0,125,174,0,1,1,1,255,31,0.12,0
125523,0,105,146,0,1,1,1,255,253,0.99,0
139511,0,105,146,0,1,1,1,255,254,1,0.01
74378,0,105,146,0,2,2,1,255,254,1,0
133986,4,32,93,0,1,1,1,255,236,0.93,0
101328,0,105,147,0,1,1,1,255,251,0.98,0
142369,280,283618,0,0,3,2,0.67,255,34,0.13,0.13
231636,0,45,0,0,4,4,1,255,254,1,0
141549,5,30,93,0,1,1,1,255,253,0.99,0
141423,4,30,93,0,1,1,1,255,250,0.98,0
310755,0,105,147,0,2,2,1,255,255,1,0
100437,0,105,147,0,1,1,1,255,252,0.99,0
98739,280,283618,0,0,1,1,1,1,23,1,1
138977,4,28,93,0,1,1,1,255,218,0.85,0
130846,282,160,597,0,1,1,1,255,2,0.01,0
98028,0,12,0,0,2,2,1,4,11,1,1
131656,0,125,174,0,1,1,1,255,43,0.17,0
92722,0,105,147,0,1,1,1,255,253,0.99,0.01
41232,0,105,146,0,2,2,1,255,254,1,0
124480,0,105,146,0,1,1,1,255,253,0.99,0
291500,0,105,147,0,2,2,1,255,254,1,0.01
90251,280,283618,0,0,1,1,1,1,1,1,1
139891,4,30,93,0,1,1,1,255,249,0.98,0
229443,0,44,0,0,5,5,1,255,255,1,0
287837,0,105,147,0,1,1,1,255,254,1,0
138046,4,30,93,0,1,1,1,255,247,0.97,0
141011,4,30,93,0,1,1,1,255,251,0.98,0
76230,0,12,0,0,1,1,1,1,21,1,1
121817,280,283618,0,0,1,1,1,1,1,1,1
92181,0,105,147,0,1,1,1,255,253,0.99,0
106412,0,105,146,0,1,1,1,255,252,0.99,0
292036,0,105,147,0,2,2,1,255,254,1,0
94558,0,105,147,0,1,1,1,255,253,0.99,0
137177,0,105,146,0,2,2,1,255,254,1,0
138436,4,30,93,0,1,1,1,255,250,0.98,0
309859,0,105,147,0,2,2,1,255,254,1,0
92169,280,283618,0,0,2,2,1,2,14,1,1
143806,0,105,146,0,1,1,1,255,254,1,0
140070,4,30,93,0,1,1,1,255,253,0.99,0
309922,0,105,147,0,2,2,1,255,254,1,0
97486,0,105,147,0,2,2,1,255,254,1,0
37254,0,105,146,0,1,1,1,255,254,1,0
123872,0,12,0,0,2,2,1,14,2,0.14,0.14
283178,0,42,0,0,3,3,1,255,255,1,0.01
137847,0,105,146,0,2,2,1,255,254,1,0
141550,4,30,93,0,1,1,1,255,253,0.99,0
80870,280,283618,0,0,2,2,1,4,10,1,1
142192,0,105,146,0,1,1,1,255,254,1,0
141593,4,30,93,0,1,1,1,255,253,0.99,0
92146,0,105,147,0,1,1,1,255,254,1,0
100409,0,105,147,0,1,1,1,255,252,0.99,0.01
140641,4,28,93,0,1,1,1,255,252,0.99,0
131065,282,160,595,0,1,1,1,255,11,0.04,0
131194,280,283618,0,0,1,1,1,1,11,1,1
144223,283,156,595,0,1,1,1,8,6,0.75,0.12
138622,4,30,93,0,1,1,1,255,254,1,0
132118,0,128,174,0,1,1,1,255,255,1,0
286001,0,105,146,0,1,1,1,255,254,1,0.01
137954,4,32,93,0,1,1,1,255,245,0.96,0
309439,0,105,147,0,1,1,1,255,254,1,0
285730,0,105,146,0,1,1,1,255,253,0.99,0
285112,0,105,105,0,3,3,1,255,254,1,0
140294,7,30,93,0,1,1,1,255,246,0.96,0
41461,0,105,105,0,1,1,1,255,254,1,0
233353,0,44,0,0,4,4,1,255,254,1,0.01
79128,280,283618,0,0,1,1,1,1,7,1,1
228203,0,47,0,0,4,4,1,255,253,0.99,0
95550,0,105,147,0,1,1,1,255,254,1,0
132265,0,124,174,0,1,1,1,255,254,1,0
229339,0,46,0,0,4,4,1,255,254,1,0.01
142964,283,162,599,0,1,1,1,255,81,0.32,0
94519,0,105,147,0,1,1,1,255,253,0.99,0
282855,0,46,0,0,3,3,1,255,255,1,0.01
231218,0,48,0,0,3,3,1,255,255,1,0.01
131407,0,105,146,0,1,1,1,255,253,0.99,0
36404,0,105,146,0,1,1,1,255,254,1,0
141020,6,28,93,0,1,1,1,255,251,0.98,0
309817,0,105,147,0,2,2,1,255,254,1,0
96879,0,18,0,0,1,1,1,1,247,1,1
124950,0,0,0,0,1,1,1,255,1,0,0.85
80389,0,0,0,0,511,1,0,255,1,0,0
131370,0,0,0,0,1,1,1,255,1,0,1
79913,0,0,0,0,493,1,0,255,1,0,0
82019,0,0,0,0,1,12,1,32,87,0.38,0.03
82886,0,0,0,0,1,3,1,150,85,0.33,0.01
89693,0,0,0,0,4,4,0.25,181,50,0.18,0.01
151134,0,0,0,0,398,1,0,255,1,0,0
134638,0,20,0,0,1,61,1,4,96,1,1
82723,4,0,44,0,2,6,0.5,255,20,0.08,0
82788,0,0,0,0,1,6,1,7,3,0.43,0.14
151192,0,0,0,0,511,1,0,255,1,0,0
140217,0,8,0,0,1,24,1,2,29,1,1
151231,0,0,0,0,457,1,0,255,1,0,0
80373,0,0,0,0,511,1,0,255,1,0,0
111986,0,0,0,0,1,1,1,74,1,0.01,0.78
79515,0,0,0,0,54,1,0.02,89,1,0.01,0.01
79775,0,0,0,0,509,1,0,255,1,0,0
151331,0,1,1,0,62,1,0.02,255,1,0,0.99
89454,0,0,44,0,2,3,0.5,159,59,0.24,0.01
34979,0,0,0,0,511,1,0,255,1,0,0
35409,0,0,0,0,487,1,0,255,1,0,0
79739,0,0,0,0,510,1,0,255,1,0,0
79877,0,0,0,0,490,1,0,255,1,0,0
34851,0,0,0,0,183,1,0.01,255,1,0,0
34922,0,0,0,0,444,1,0,255,1,0,0
151153,0,0,0,0,511,1,0,255,1,0,0
89450,0,0,0,0,1,1,1,222,85,0.33,0
79761,0,0,0,0,509,1,0,255,1,0,0
82454,1,0,36,0,2,3,0.5,43,42,0.26,0.02
82257,0,0,0,0,4,4,0.25,39,52,0.18,0.03
80163,0,0,0,0,464,1,0,255,1,0,0
8349,0,18,0,0,1,1,1,1,81,1,1
125509,0,0,0,0,1,1,1,255,1,0,0.74
151080,0,0,0,0,511,1,0,255,1,0,0
80456,0,0,0,0,472,1,0,255,1,0,0
82619,0,0,0,0,2,9,0.5,64,59,0.25,0.02
35166,0,0,0,0,431,1,0,255,1,0,0
80514,0,1,1,0,135,1,0.01,255,1,0,1
35022,0,0,0,0,436,1,0,255,1,0,0
79746,0,0,0,0,510,1,0,255,1,0,0
35139,0,0,0,0,431,1,0,255,1,0,0
151319,0,1,0,0,68,1,0.01,255,1,0,1
79937,0,0,0,0,510,1,0,255,1,0,0
151088,0,0,0,0,511,1,0,255,1,0,0
96838,0,18,0,0,1,1,1,1,254,1,1
34893,0,0,0,0,446,1,0,255,1,0,0
134586,0,20,0,0,1,66,1,2,110,1,1
37972,0,0,0,0,2,1,0.5,255,1,0,0.99
82863,0,0,0,0,5,3,0.2,104,52,0.17,0.01
89465,0,0,0,0,5,4,0.2,151,48,0.18,0.01
134608,0,20,0,0,1,60,1,3,183,1,1
80468,0,0,0,0,511,1,0,255,1,0,0
80317,0,0,0,0,509,1,0,255,1,0,0
80798,0,1,1,0,511,1,0,255,1,0,1
79676,0,0,0,0,508,1,0,255,1,0,0
89776,0,0,0,0,1,4,1,136,85,0.34,0.01
151369,0,1,1,0,29,1,0.03,255,1,0,0.93
80097,0,0,0,0,497,1,0,255,1,0,0
80771,0,1,1,0,510,1,0,255,1,0,1
96600,0,18,0,0,1,1,1,1,48,1,1
89525,0,0,0,0,1,1,1,239,84,0.33,0
151421,0,1,1,0,59,1,0.02,255,1,0,0.95
35416,0,0,0,0,488,1,0,255,1,0,0
89954,2,24,110,0,3,7,0.67,221,88,0.34,0
80700,0,1,1,0,11,1,0.09,255,1,0,1
89857,0,0,0,0,1,1,1,146,86,0.34,0.01
134678,0,1,1,0,17,1,0.06,36,2,0.03,0.22
82441,0,0,0,0,1,2,1,30,85,0.33,0.03
37838,0,0,0,0,2,1,0.5,255,1,0,0.97
80388,0,0,0,0,511,1,0,255,1,0,0
35133,0,0,0,0,431,1,0,255,1,0,0
134552,0,20,0,0,1,55,1,1,67,1,1
80558,0,1,1,0,143,1,0.01,255,1,0,1
101707,0,0,0,0,1,1,1,197,1,0.01,1
80110,0,0,0,0,497,1,0,255,1,0,0
79560,0,0,0,0,504,1,0,255,1,0,0
80701,0,1,1,0,21,1,0.05,255,1,0,1
79779,0,0,0,0,509,1,0,255,1,0,0
132501,0,0,0,0,1,1,1,255,1,0,1
89358,1,0,36,0,3,7,0.33,140,58,0.24,0.01
82410,0,0,0,0,2,23,0.5,240,10,0.04,0
89863,0,0,15,0,1,5,1,210,85,0.33,0
35326,0,0,0,0,482,1,0,255,1,0,0
96819,0,18,0,0,1,1,1,1,255,1,1
132245,0,0,0,0,1,1,1,255,1,0,1
101845,0,0,0,0,1,1,1,255,1,0,0.87
80029,0,0,0,0,508,1,0,255,1,0,0
80006,0,0,0,0,511,1,0,255,1,0,0
35169,0,0,0,0,432,1,0,255,1,0,0
81825,0,0,0,0,1,24,1,238,14,0.02,0
79617,0,0,0,0,509,1,0,255,1,0,0
82834,1,0,36,0,1,5,1,90,61,0.27,0.01
89451,0,0,0,0,1,3,1,112,85,0.34,0.01
81849,0,0,0,0,1,4,1,6,85,0.33,0.17
151212,0,0,0,0,458,1,0,255,1,0,0
129668,0,0,0,0,2,1,0.5,255,1,0,0.04
151198,0,0,0,0,458,1,0,255,1,0,0
90002,1,0,3,0,4,5,0.5,255,101,0.4,0
15715,0,1032,0,0,509,509,1,255,255,1,1
282213,0,520,0,0,511,511,1,255,255,1,1
51307,0,1032,0,0,510,510,1,255,255,1,1
181900,0,1032,0,0,124,124,1,255,255,1,1
13943,0,1032,0,0,510,510,1,255,255,1,1
4361,0,1032,0,0,511,511,1,255,255,1,1
109093,0,0,0,0,109,9,0.08,255,9,0.04,0
29456,0,1032,0,0,511,511,1,255,255,1,1
278957,0,520,0,0,511,511,1,255,255,1,1
295896,0,0,0,0,149,19,0.13,255,19,0.07,0
125606,0,0,0,0,77,19,0.25,255,59,0.23,0.01
176539,0,0,0,0,99,3,0.03,255,3,0.01,0
63511,0,1032,0,0,511,511,1,255,255,1,1
72250,0,1032,0,0,511,511,1,255,255,1,1
259326,0,520,0,0,511,511,1,255,255,1,1
308915,0,0,0,0,120,14,0.12,255,14,0.05,0
243839,0,520,0,0,511,511,1,255,255,1,1
116664,0,0,0,0,283,14,0.05,255,14,0.05,0
294883,0,0,0,0,290,15,0.05,255,15,0.06,0
200449,0,1032,0,0,164,164,1,255,255,1,1
52771,0,1032,0,0,511,511,1,255,255,1,1
300848,0,0,0,0,292,12,0.04,255,12,0.05,0
272822,0,520,0,0,511,511,1,255,255,1,1
118129,0,0,0,0,139,2,0.01,255,2,0.01,0
168414,0,0,0,0,132,8,0.06,255,8,0.03,0
13073,0,1032,0,0,511,511,1,255,255,1,1
306265,0,0,0,0,187,2,0.01,255,2,0.01,0
160311,0,0,0,0,134,18,0.13,255,18,0.07,0
119001,0,0,0,0,276,5,0.02,255,5,0.02,0
168442,0,0,0,0,106,7,0.07,255,7,0.03,0
20257,0,1032,0,0,511,511,1,255,255,1,1
42923,0,1032,0,0,509,509,1,255,255,1,1
125127,0,0,44,0,1,1,1,255,136,0.53,0
107085,0,0,0,0,114,10,0.09,255,10,0.04,0
66319,0,1032,0,0,511,511,1,255,255,1,1
199142,0,1032,0,0,129,129,1,255,255,1,1
66167,0,1032,0,0,511,511,1,255,255,1,1
266825,0,520,0,0,511,511,1,255,255,1,1
303453,0,0,0,0,161,20,0.12,255,20,0.08,0
179939,0,1032,0,0,100,100,1,255,255,1,1
175839,0,0,0,0,285,5,0.02,255,5,0.02,0
265420,0,520,0,0,511,511,1,255,255,1,1
61352,0,1032,0,0,511,511,1,255,255,1,1
207857,0,1032,0,0,171,171,1,255,255,1,1
172236,0,0,0,0,113,11,0.1,255,11,0.04,0
245907,0,520,0,0,509,509,1,255,255,1,1
219168,0,1032,0,0,511,511,1,255,255,1,1
198769,0,1032,0,0,143,143,1,255,255,1,1
197722,0,1032,0,0,152,152,1,255,255,1,1
165920,0,0,0,0,278,16,0.06,255,16,0.06,0
128579,1,2599,293,0,2,2,1,255,246,0.96,0
111539,0,0,0,0,141,19,0.13,255,19,0.07,0
256345,0,520,0,0,511,511,1,255,255,1,1
163876,0,0,0,0,260,8,0.03,255,8,0.03,0
270668,0,520,0,0,511,511,1,255,255,1,1
54025,0,1032,0,0,510,510,1,255,255,1,1
189699,0,1032,0,0,128,128,1,255,255,1,1
105184,0,0,0,0,94,1,0.01,255,1,0,0
298772,0,0,0,0,210,4,0.02,255,4,0.02,0
159615,0,0,0,0,256,6,0.02,255,6,0.02,0
115337,0,0,0,0,139,16,0.12,255,16,0.06,0
33229,0,1032,0,0,511,511,1,255,255,1,1
207461,0,1032,0,0,176,176,1,255,255,1,1
174256,0,0,0,0,207,10,0.05,255,10,0.04,0
55134,0,1032,0,0,511,511,1,255,255,1,1
161734,0,0,0,0,137,5,0.04,255,5,0.02,0
6269,0,1032,0,0,511,511,1,255,255,1,1
242169,0,520,0,0,508,508,1,255,255,1,1
304732,0,0,0,0,143,17,0.12,255,17,0.07,0
194732,0,1032,0,0,137,137,1,255,255,1,1
74341,0,1032,0,0,511,511,1,255,255,1,1
199535,0,1032,0,0,157,157,1,255,255,1,1
64061,0,1032,0,0,511,511,1,255,255,1,1
264702,0,520,0,0,511,511,1,255,255,1,1
281338,0,520,0,0,511,511,1,255,255,1,1
6641,0,1032,0,0,511,511,1,255,255,1,1
112898,0,0,0,0,117,6,0.05,255,6,0.02,0
224053,0,1032,0,0,511,511,1,255,255,1,1
117797,0,0,0,0,117,17,0.15,255,17,0.07,0
195918,0,1032,0,0,157,157,1,255,255,1,1
279860,0,520,0,0,511,511,1,255,255,1,1
176193,0,0,0,0,226,16,0.07,255,16,0.06,0
103512,0,0,0,0,216,11,0.05,255,11,0.04,0
289020,0,54540,8314,0,3,3,1,255,255,1,0
30966,0,1032,0,0,511,511,1,255,255,1,1
159609,0,0,0,0,196,3,0.02,255,3,0.01,0
164917,0,0,0,0,213,2,0.01,255,2,0.01,0
63409,0,1032,0,0,511,511,1,255,255,1,1
182350,0,1032,0,0,112,112,1,255,255,1,1
121983,0,0,0,0,121,12,0.1,255,12,0.05,0
281723,0,520,0,0,511,511,1,255,255,1,1
199884,0,1032,0,0,127,127,1,255,255,1,1
237700,0,520,0,0,510,510,1,255,255,1,1
118868,0,0,0,0,209,5,0.02,255,5,0.02,0
84375,0,508,0,0,511,511,1,255,255,1,1
71783,0,1032,0,0,511,511,1,255,255,1,1
54387,0,1032,0,0,510,510,1,255,255,1,1
203855,0,1032,0,0,147,147,1,255,255,1,1
2937,0,1032,0,0,509,509,1,255,255,1,1
60207,0,1032,0,0,511,511,1,255,255,1,1

